-1
-1
-1
0
0
0
0
0
-1
-1
0
0
0
0
-1
0
-1
1
0
0
-1
0
0
-1
0
0
2
-1
-1
-1
-1
3
3
-1
-1
-1
-1
4
-1
-1
-1
-1
-1
5
-1
-1
-1
0
0
0
0
0
6
6
-1
0
0
-1
0
0
0
0
-1
0
-1
0
0
0
0
0
-1
0
0
-1
0
-1
0
0
0
0
0
-1
-1
-1
0
0
-1
-1
-1
-1
-1
-1
-1
7
-1
8
-1
8
0
-1
-1
8
-1
-1
-1
-1
4
-1
-1
0
-1
-1
-1
8
-1
-1
-1
-1
-1
-1
-1
-1
-1
8
3
0
-1
-1
-1
1
-1
1
-1
-1
9
-1
1
-1
-1
-1
-1
-1
1
-1
-1
-1
-1
-1
-1
-1
-1
0
-1
10
11
-1
-1
-1
11
11
-1
-1
12
-1
0
0
11
-1
-1
-1
12
12
-1
-1
12
-1
11
-1
-1
11
-1
-1
11
-1
-1
-1
12
11
12
-1
10
-1
-1
-1
-1
0
0
0
11
-1
-1
-1
-1
-1
11
-1
-1
12
-1
-1
-1
12
12
-1
-1
-1
12
-1
11
-1
-1
-1
0
11
-1
-1
-1
-1
0
-1
-1
13
-1
-1
-1
-1
13
-1
-1
13
13
13
-1
-1
-1
0
-1
-1
13
-1
-1
-1
-1
13
0
-1
-1
0
0
0
0
-1
0
14
14
14
0
0
14
14
14
-1
0
14
14
0
14
0
0
14
0
0
14
14
-1
0
14
14
-1
0
14
0
-1
0
14
14
14
0
14
0
15
15
0
15
15
0
15
15
0
15
15
0
15
15
0
15
15
0
14
14
14
14
0
0
0
14
0
14
14
0
16
16
16
-1
3
-1
-1
-1
-1
-1
9
9
-1
-1
-1
-1
9
9
-1
-1
-1
-1
0
0
0
0
0
0
0
0
0
0
0
0
0
0
0
0
0
0
0
0
0
0
0
0
0
0
0
0
-1
0
0
0
0
0
0
0
0
0
-1
-1
-1
-1
-1
-1
-1
-1
1
1
1
-1
-1
-1
-1
-1
-1
-1
-1
-1
3
3
5
-1
-1
-1
-1
-1
-1
-1
3
3
3
0
0
-1
-1
-1
0
0
0
0
0
0
0
0
0
0
0
0
0
17
0
6
6
0
0
6
0
6
0
0
0
0
0
17
0
6
-1
-1
-1
-1
-1
-1
-1
-1
-1
-1
-1
-1
-1
-1
-1
-1
-1
-1
-1
-1
-1
-1
-1
-1
-1
-1
-1
-1
-1
-1
-1
-1
-1
-1
-1
-1
-1
-1
-1
-1
-1
-1
-1
-1
-1
-1
-1
-1
-1
0
-1
-1
-1
10
0
-1
3
3
3
18
3
19
19
3
19
19
3
3
3
19
18
3
-1
18
19
19
0
-1
-1
-1
2
18
18
18
19
18
3
19
7
10
3
-1
-1
-1
20
-1
-1
-1
16
-1
0
0
0
3
-1
3
-1
18
0
3
-1
0
18
1
18
-1
18
-1
-1
-1
21
-1
-1
-1
-1
21
-1
21
21
-1
21
-1
21
-1
-1
-1
-1
10
3
10
0
5
0
5
1
0
0
0
0
0
0
-1
-1
1
0
0
0
0
0
18
3
0
-1
0
0
0
0
-1
-1
0
0
2
1
0
0
10
2
0
0
-1
0
0
0
3
1
0
0
-1
0
-1
-1
-1
-1
-1
-1
-1
-1
-1
-1
-1
20
3
-1
-1
0
-1
-1
-1
-1
0
0
-1
-1
0
-1
22
-1
22
22
22
17
-1
0
-1
22
-1
0
22
22
22
22
22
23
17
-1
17
-1
0
0
-1
-1
-1
23
17
23
17
17
0
23
17
17
17
0
0
17
17
0
0
17
17
17
17
17
17
17
0
17
23
17
23
17
17
17
23
-1
17
-1
23
0
17
17
-1
0
0
0
17
17
0
23
23
17
23
17
-1
23
17
17
23
23
17
23
17
17
17
17
17
17
-1
23
6
24
-1
24
-1
-1
24
24
-1
24
24
-1
3
0
-1
-1
-1
0
0
-1
0
-1
0
0
0
5
-1
-1
7
-1
-1
0
-1
-1
-1
-1
-1
-1
-1
-1
-1
0
-1
1
0
-1
1
-1
1
-1
-1
-1
-1
0
-1
-1
-1
-1
-1
0
-1
-1
0
0
9
9
3
-1
1
9
9
9
-1
-1
-1
-1
-1
3
3
3
-1
-1
-1
-1
-1
-1
-1
-1
-1
3
0
3
3
3
5
5
1
-1
0
0
1
1
18
-1
0
-1
10
-1
0
1
-1
1
-1
-1
0
1
20
-1
-1
-1
1
-1
3
1
0
-1
-1
0
0
-1
0
-1
0
-1
0
10
10
10
-1
-1
-1
0
0
0
0
0
-1
-1
0
0
-1
-1
-1
-1
-1
-1
-1
-1
-1
-1
-1
0
0
0
-1
-1
-1
-1
-1
-1
-1
0
-1
-1
0
0
-1
0
0
0
25
-1
-1
-1
-1
-1
-1
-1
-1
-1
-1
-1
-1
-1
-1
-1
-1
-1
-1
-1
-1
-1
-1
-1
-1
-1
-1
-1
-1
0
-1
-1
-1
-1
0
-1
-1
-1
-1
-1
-1
-1
-1
0
1
-1
-1
-1
25
25
25
-1
25
25
25
25
-1
-1
25
3
-1
10
-1
0
0
0
2
-1
2
-1
-1
3
3
3
3
3
3
3
3
0
-1
1
-1
-1
-1
-1
-1
-1
-1
-1
-1
-1
-1
-1
-1
-1
-1
-1
-1
-1
-1
-1
0
-1
-1
17
-1
-1
-1
0
-1
7
-1
0
-1
-1
-1
10
-1
0
-1
-1
0
0
3
3
0
-1
0
0
0
-1
-1
0
0
-1
-1
-1
-1
0
1
3
3
18
5
16
3
3
5
0
3
5
3
1
3
1
3
3
0
3
0
-1
9
9
-1
9
3
3
-1
9
9
-1
-1
9
9
9
-1
-1
3
-1
-1
-1
-1
-1
-1
-1
-1
-1
-1
-1
-1
-1
-1
-1
-1
-1
-1
-1
-1
-1
-1
-1
-1
-1
-1
26
-1
0
-1
-1
-1
-1
-1
-1
26
26
26
26
-1
-1
-1
-1
-1
-1
-1
-1
-1
-1
-1
-1
-1
-1
-1
-1
-1
-1
-1
-1
-1
-1
0
0
0
0
0
0
10
10
10
10
-1
0
0
0
0
0
10
10
0
10
0
3
-1
2
-1
3
16
-1
-1
0
0
1
0
1
0
0
1
0
1
-1
0
-1
2
0
1
0
1
1
1
0
1
1
1
0
1
1
1
-1
1
1
4
1
1
1
1
-1
1
1
1
-1
-1
1
0
-1
-1
1
5
1
1
1
0
0
-1
-1
-1
27
-1
27
-1
-1
-1
27
3
27
28
28
29
29
28
10
10
28
10
-1
28
28
10
28
28
28
27
-1
3
28
28
28
10
-1
29
-1
-1
-1
9
-1
28
-1
-1
28
27
10
28
-1
28
28
28
29
28
-1
27
-1
28
-1
28
28
-1
29
28
10
20
20
30
20
20
10
-1
-1
20
-1
20
31
20
0
-1
-1
20
-1
20
10
20
-1
20
-1
-1
31
-1
-1
20
-1
20
-1
-1
-1
-1
20
7
0
7
0
-1
10
-1
-1
-1
10
-1
-1
-1
10
-1
20
20
10
25
20
-1
-1
10
3
20
-1
20
3
-1
-1
30
20
20
20
5
-1
-1
20
20
20
20
20
20
10
10
20
20
10
0
-1
20
20
20
-1
20
10
30
20
20
-1
-1
-1
20
-1
-1
31
-1
3
20
30
20
-1
9
9
9
-1
3
9
3
9
4
3
3
9
3
-1
9
9
10
10
-1
-1
4
9
10
10
-1
9
9
9
9
9
9
0
9
-1
-1
-1
9
9
-1
9
9
-1
-1
10
-1
-1
-1
-1
-1
-1
10
10
-1
-1
3
10
10
9
9
-1
9
-1
9
-1
9
-1
-1
-1
-1
32
32
32
-1
7
7
32
32
25
-1
10
20
-1
32
-1
-1
-1
10
30
-1
-1
30
20
-1
20
10
-1
0
0
0
31
31
31
-1
25
-1
20
10
0
-1
20
20
20
20
-1
20
20
0
-1
-1
20
-1
-1
0
9
3
9
-1
-1
9
-1
9
9
-1
-1
-1
20
-1
-1
20
-1
-1
20
20
1
-1
-1
-1
-1
-1
20
-1
-1
-1
0
-1
-1
20
-1
20
30
-1
-1
20
20
20
-1
20
-1
0
-1
0
31
31
-1
20
20
-1
-1
0
31
20
30
20
-1
20
20
